0.023875100 0.101536458333 0.0 0.0 0.0 0.0 0.0 1.0
0.033236564 0.101920572917 0.0 0.0 0.0 0.0 0.0 1.0
0.043717303 0.102399739583 0.0 0.0 0.0 0.0 0.0 1.0
0.053059364 0.102873697917 0.0 0.0 0.0 0.0 0.0 1.0
0.063308483 0.10344140625 0.0 0.0 0.0 0.0 0.0 1.0
0.073685004 0.104061197917 0.0 0.0 0.0 0.0 0.0 1.0
0.082984639 0.104665364583 0.0 0.0 0.0 0.0 0.0 1.0
0.093379695 0.105391927083 0.0 0.0 0.0 0.0 0.0 1.0
0.103814698 0.106173177083 0.0 0.0 0.0 0.0 0.0 1.0
0.113184682 0.106920572917 0.0 0.0 0.0 0.0 0.0 1.0
0.123497258 0.107794270833 0.0 0.0 0.0 0.0 0.0 1.0
0.133886435 0.108721354167 0.0 0.0 0.0 0.0 0.0 1.0
0.143443793 0.10962109375 0.0 0.0 0.0 0.0 0.0 1.0
0.153852689 0.110653645833 0.0 0.0 0.0 0.0 0.0 1.0
0.163214104 0.111627604167 0.0 0.0 0.0 0.0 0.0 1.0
0.173648734 0.112760416667 0.0 0.0 0.0 0.0 0.0 1.0
0.183990272 0.113936197917 0.0 0.0 0.0 0.0 0.0 1.0
0.193473076 0.115057291667 0.0 0.0 0.0 0.0 0.0 1.0
0.203871381 0.116346354167 0.0 0.0 0.0 0.0 0.0 1.0
0.213282521 0.117552083333 0.0 0.0 0.0 0.0 0.0 1.0
0.224040785 0.118934895833 0.0 0.0 0.0 0.0 0.0 1.0
0.233142483 0.120231770833 0.0 0.0 0.0 0.0 0.0 1.0
0.243936864 0.121783854167 0.0 0.0 0.0 0.0 0.0 1.0
0.253411171 0.123170572917 0.0 0.0 0.0 0.0 0.0 1.0
0.263991174 0.124764322917 0.0 0.0 0.0 0.0 0.0 1.0
0.273199047 0.126235677083 0.0 0.0 0.0 0.0 0.0 1.0
0.283547914 0.127916666667 0.0 0.0 0.0 0.0 0.0 1.0
0.293900071 0.129600260417 0.0 0.0 0.0 0.0 0.0 1.0
0.303312176 0.13112890625 0.0 0.0 0.0 0.0 0.0 1.0
0.313680935 0.132811197917 0.0 0.0 0.0 0.0 0.0 1.0
0.323079378 0.1343359375 0.0 0.0 0.0 0.0 0.0 1.0
0.333398247 0.13602734375 0.0 0.0 0.0 0.0 0.0 1.0
0.343973328 0.13775 0.0 0.0 0.0 0.0 0.0 1.0
0.353398537 0.13927734375 0.0 0.0 0.0 0.0 0.0 1.0
0.363808502 0.140971354167 0.0 0.0 0.0 0.0 0.0 1.0
0.373240811 0.142502604167 0.0 0.0 0.0 0.0 0.0 1.0
0.383644217 0.14419921875 0.0 0.0 0.0 0.0 0.0 1.0
0.394048128 0.145890625 0.0 0.0 0.0 0.0 0.0 1.0
0.403419918 0.147423177083 0.0 0.0 0.0 0.0 0.0 1.0
0.413821656 0.149111979167 0.0 0.0 0.0 0.0 0.0 1.0
0.423302912 0.150641927083 0.0 0.0 0.0 0.0 0.0 1.0
0.433768417 0.152341145833 0.0 0.0 0.0 0.0 0.0 1.0
0.443283379 0.153899739583 0.0 0.0 0.0 0.0 0.0 1.0
0.453744224 0.15559375 0.0 0.0 0.0 0.0 0.0 1.0
0.463254504 0.1571328125 0.0 0.0 0.0 0.0 0.0 1.0
0.473538870 0.158829427083 0.0 0.0 0.0 0.0 0.0 1.0
0.483896505 0.1605078125 0.0 0.0 0.0 0.0 0.0 1.0
0.493328477 0.1620390625 0.0 0.0 0.0 0.0 0.0 1.0
0.503796198 0.163723958333 0.0 0.0 0.0 0.0 0.0 1.0
0.513152522 0.165263020833 0.0 0.0 0.0 0.0 0.0 1.0
0.523595164 0.166958333333 0.0 0.0 0.0 0.0 0.0 1.0
0.534065524 0.168658854167 0.0 0.0 0.0 0.0 0.0 1.0
0.543599313 0.1702109375 0.0 0.0 0.0 0.0 0.0 1.0
0.554032150 0.171915364583 0.0 0.0 0.0 0.0 0.0 1.0
0.563367289 0.173436197917 0.0 0.0 0.0 0.0 0.0 1.0
0.573848627 0.175135416667 0.0 0.0 0.0 0.0 0.0 1.0
0.583201779 0.176657552083 0.0 0.0 0.0 0.0 0.0 1.0
0.593578548 0.178354166667 0.0 0.0 0.0 0.0 0.0 1.0
0.603919199 0.180040364583 0.0 0.0 0.0 0.0 0.0 1.0
0.613338562 0.18156640625 0.0 0.0 0.0 0.0 0.0 1.0
0.623761650 0.183251302083 0.0 0.0 0.0 0.0 0.0 1.0
0.633072861 0.184776041667 0.0 0.0 0.0 0.0 0.0 1.0
0.643633804 0.186494791667 0.0 0.0 0.0 0.0 0.0 1.0
0.652951905 0.188014322917 0.0 0.0 0.0 0.0 0.0 1.0
0.663477694 0.1897109375 0.0 0.0 0.0 0.0 0.0 1.0
0.673785886 0.191403645833 0.0 0.0 0.0 0.0 0.0 1.0
0.683230221 0.192930989583 0.0 0.0 0.0 0.0 0.0 1.0
0.693641913 0.194627604167 0.0 0.0 0.0 0.0 0.0 1.0
0.704031954 0.19632421875 0.0 0.0 0.0 0.0 0.0 1.0
0.713402392 0.197846354167 0.0 0.0 0.0 0.0 0.0 1.0
0.723821958 0.199541666667 0.0 0.0 0.0 0.0 0.0 1.0
0.733300455 0.201075520833 0.0 0.0 0.0 0.0 0.0 1.0
0.743814712 0.202795572917 0.0 0.0 0.0 0.0 0.0 1.0
0.753236644 0.204322916667 0.0 0.0 0.0 0.0 0.0 1.0
0.763714411 0.206018229167 0.0 0.0 0.0 0.0 0.0 1.0
0.773008072 0.207537760417 0.0 0.0 0.0 0.0 0.0 1.0
0.783441273 0.209236979167 0.0 0.0 0.0 0.0 0.0 1.0
0.793890997 0.21093359375 0.0 0.0 0.0 0.0 0.0 1.0
0.803338081 0.212467447917 0.0 0.0 0.0 0.0 0.0 1.0
0.813697310 0.21415625 0.0 0.0 0.0 0.0 0.0 1.0
0.823064115 0.215678385417 0.0 0.0 0.0 0.0 0.0 1.0
0.833558369 0.217376302083 0.0 0.0 0.0 0.0 0.0 1.0
0.844007496 0.219092447917 0.0 0.0 0.0 0.0 0.0 1.0
0.853361606 0.220611979167 0.0 0.0 0.0 0.0 0.0 1.0
0.863766738 0.222309895833 0.0 0.0 0.0 0.0 0.0 1.0
0.873172936 0.223830729167 0.0 0.0 0.0 0.0 0.0 1.0
0.883605403 0.225528645833 0.0 0.0 0.0 0.0 0.0 1.0
0.893998601 0.22722265625 0.0 0.0 0.0 0.0 0.0 1.0
0.903436813 0.228759114583 0.0 0.0 0.0 0.0 0.0 1.0
0.913774457 0.230444010417 0.0 0.0 0.0 0.0 0.0 1.0
0.923237151 0.2319765625 0.0 0.0 0.0 0.0 0.0 1.0
0.933666969 0.233671875 0.0 0.0 0.0 0.0 0.0 1.0
0.943127986 0.235216145833 0.0 0.0 0.0 0.0 0.0 1.0
0.953446544 0.236890625 0.0 0.0 0.0 0.0 0.0 1.0
0.963899259 0.23859375 0.0 0.0 0.0 0.0 0.0 1.0
0.973334225 0.24012109375 0.0 0.0 0.0 0.0 0.0 1.0
0.983806228 0.241813802083 0.0 0.0 0.0 0.0 0.0 1.0
0.993182975 0.243350260417 0.0 0.0 0.0 0.0 0.0 1.0
1.003663926 0.245052083333 0.0 0.0 0.0 0.0 0.0 1.0
1.014059493 0.24675390625 0.0 0.0 0.0 0.0 0.0 1.0
1.023486676 0.248283854167 0.0 0.0 0.0 0.0 0.0 1.0
1.033898832 0.249975260417 0.0 0.0 0.0 0.0 0.0 1.0
1.043475670 0.251536458333 0.0 0.0 0.0 0.0 0.0 1.0
1.053885488 0.253231770833 0.0 0.0 0.0 0.0 0.0 1.0
1.063326505 0.254763020833 0.0 0.0 0.0 0.0 0.0 1.0
1.073762712 0.256462239583 0.0 0.0 0.0 0.0 0.0 1.0
1.083219563 0.258001302083 0.0 0.0 0.0 0.0 0.0 1.0
1.093659473 0.259701822917 0.0 0.0 0.0 0.0 0.0 1.0
1.104109211 0.2613984375 0.0 0.0 0.0 0.0 0.0 1.0
1.113495324 0.262928385417 0.0 0.0 0.0 0.0 0.0 1.0
1.123846687 0.2646171875 0.0 0.0 0.0 0.0 0.0 1.0
1.133290266 0.266141927083 0.0 0.0 0.0 0.0 0.0 1.0
1.143775477 0.267859375 0.0 0.0 0.0 0.0 0.0 1.0
1.153186457 0.26938671875 0.0 0.0 0.0 0.0 0.0 1.0
1.163534496 0.271075520833 0.0 0.0 0.0 0.0 0.0 1.0
1.173983119 0.272772135417 0.0 0.0 0.0 0.0 0.0 1.0
1.183361121 0.274299479167 0.0 0.0 0.0 0.0 0.0 1.0
1.193827447 0.275989583333 0.0 0.0 0.0 0.0 0.0 1.0
1.203224461 0.27752734375 0.0 0.0 0.0 0.0 0.0 1.0
1.213646039 0.27921875 0.0 0.0 0.0 0.0 0.0 1.0
1.224002462 0.28091015625 0.0 0.0 0.0 0.0 0.0 1.0
1.233391051 0.282432291667 0.0 0.0 0.0 0.0 0.0 1.0
1.243984552 0.284149739583 0.0 0.0 0.0 0.0 0.0 1.0
1.253486742 0.2856953125 0.0 0.0 0.0 0.0 0.0 1.0
1.263892710 0.287389322917 0.0 0.0 0.0 0.0 0.0 1.0
1.273347586 0.288924479167 0.0 0.0 0.0 0.0 0.0 1.0
1.283770726 0.290619791667 0.0 0.0 0.0 0.0 0.0 1.0
1.293136066 0.292145833333 0.0 0.0 0.0 0.0 0.0 1.0
1.303572329 0.29384765625 0.0 0.0 0.0 0.0 0.0 1.0
1.313969470 0.295541666667 0.0 0.0 0.0 0.0 0.0 1.0
1.323444403 0.297078125 0.0 0.0 0.0 0.0 0.0 1.0
1.333867217 0.298776041667 0.0 0.0 0.0 0.0 0.0 1.0
1.343341105 0.300326822917 0.0 0.0 0.0 0.0 0.0 1.0
1.353701579 0.30201171875 0.0 0.0 0.0 0.0 0.0 1.0
1.363030031 0.303524739583 0.0 0.0 0.0 0.0 0.0 1.0
1.373453354 0.30521875 0.0 0.0 0.0 0.0 0.0 1.0
1.383892567 0.306916666667 0.0 0.0 0.0 0.0 0.0 1.0
1.393340539 0.308455729167 0.0 0.0 0.0 0.0 0.0 1.0
1.403789024 0.310145833333 0.0 0.0 0.0 0.0 0.0 1.0
1.413044059 0.31166015625 0.0 0.0 0.0 0.0 0.0 1.0
1.423477773 0.313359375 0.0 0.0 0.0 0.0 0.0 1.0
1.433856080 0.315045572917 0.0 0.0 0.0 0.0 0.0 1.0
1.443403790 0.31660546875 0.0 0.0 0.0 0.0 0.0 1.0
1.453866031 0.318299479167 0.0 0.0 0.0 0.0 0.0 1.0
1.463271745 0.319833333333 0.0 0.0 0.0 0.0 0.0 1.0
1.473660588 0.321520833333 0.0 0.0 0.0 0.0 0.0 1.0
1.483063839 0.323045572917 0.0 0.0 0.0 0.0 0.0 1.0
1.493460192 0.324743489583 0.0 0.0 0.0 0.0 0.0 1.0
1.503866333 0.3264375 0.0 0.0 0.0 0.0 0.0 1.0
1.513297422 0.32796484375 0.0 0.0 0.0 0.0 0.0 1.0
1.523755361 0.3296640625 0.0 0.0 0.0 0.0 0.0 1.0
1.533216495 0.331200520833 0.0 0.0 0.0 0.0 0.0 1.0
1.543735812 0.332915364583 0.0 0.0 0.0 0.0 0.0 1.0
1.553091365 0.334440104167 0.0 0.0 0.0 0.0 0.0 1.0
1.563437628 0.33612890625 0.0 0.0 0.0 0.0 0.0 1.0
1.573889108 0.337821614583 0.0 0.0 0.0 0.0 0.0 1.0
1.583293394 0.339354166667 0.0 0.0 0.0 0.0 0.0 1.0
1.593747126 0.341048177083 0.0 0.0 0.0 0.0 0.0 1.0
1.603030762 0.3425703125 0.0 0.0 0.0 0.0 0.0 1.0
1.613408735 0.344263020833 0.0 0.0 0.0 0.0 0.0 1.0
1.623893845 0.34595703125 0.0 0.0 0.0 0.0 0.0 1.0
1.633343177 0.347490885417 0.0 0.0 0.0 0.0 0.0 1.0
1.643814696 0.349203125 0.0 0.0 0.0 0.0 0.0 1.0
1.653224941 0.350735677083 0.0 0.0 0.0 0.0 0.0 1.0
1.663636676 0.352419270833 0.0 0.0 0.0 0.0 0.0 1.0
1.674001834 0.354115885417 0.0 0.0 0.0 0.0 0.0 1.0
1.683423547 0.355641927083 0.0 0.0 0.0 0.0 0.0 1.0
1.693859538 0.357342447917 0.0 0.0 0.0 0.0 0.0 1.0
1.703267167 0.35887890625 0.0 0.0 0.0 0.0 0.0 1.0
1.713700202 0.360567708333 0.0 0.0 0.0 0.0 0.0 1.0
1.723049592 0.36209375 0.0 0.0 0.0 0.0 0.0 1.0
1.733494906 0.363791666667 0.0 0.0 0.0 0.0 0.0 1.0
1.744045784 0.365505208333 0.0 0.0 0.0 0.0 0.0 1.0
1.753435379 0.36703515625 0.0 0.0 0.0 0.0 0.0 1.0
1.763848503 0.368729166667 0.0 0.0 0.0 0.0 0.0 1.0
1.773213788 0.370259114583 0.0 0.0 0.0 0.0 0.0 1.0
1.783838303 0.371983072917 0.0 0.0 0.0 0.0 0.0 1.0
1.793300357 0.373516927083 0.0 0.0 0.0 0.0 0.0 1.0
1.803753584 0.375220052083 0.0 0.0 0.0 0.0 0.0 1.0
1.813087301 0.376740885417 0.0 0.0 0.0 0.0 0.0 1.0
1.823543057 0.378434895833 0.0 0.0 0.0 0.0 0.0 1.0
1.833898766 0.380131510417 0.0 0.0 0.0 0.0 0.0 1.0
1.843506723 0.38168359375 0.0 0.0 0.0 0.0 0.0 1.0
1.853956069 0.383388020833 0.0 0.0 0.0 0.0 0.0 1.0
1.863372817 0.384920572917 0.0 0.0 0.0 0.0 0.0 1.0
1.873775492 0.386609375 0.0 0.0 0.0 0.0 0.0 1.0
1.883127143 0.388139322917 0.0 0.0 0.0 0.0 0.0 1.0
1.893774131 0.389833333333 0.0 0.0 0.0 0.0 0.0 1.0
1.904019264 0.391536458333 0.0 0.0 0.0 0.0 0.0 1.0
1.913386262 0.393061197917 0.0 0.0 0.0 0.0 0.0 1.0
1.923793122 0.394751302083 0.0 0.0 0.0 0.0 0.0 1.0
1.933215556 0.396282552083 0.0 0.0 0.0 0.0 0.0 1.0
1.943823353 0.39801171875 0.0 0.0 0.0 0.0 0.0 1.0
1.953291963 0.399545572917 0.0 0.0 0.0 0.0 0.0 1.0
1.963705407 0.401244791667 0.0 0.0 0.0 0.0 0.0 1.0
1.972991513 0.402760416667 0.0 0.0 0.0 0.0 0.0 1.0
1.983410277 0.404442708333 0.0 0.0 0.0 0.0 0.0 1.0
1.993782094 0.406140625 0.0 0.0 0.0 0.0 0.0 1.0
2.003257212 0.407671875 0.0 0.0 0.0 0.0 0.0 1.0
2.013664047 0.40937109375 0.0 0.0 0.0 0.0 0.0 1.0
2.023023328 0.410891927083 0.0 0.0 0.0 0.0 0.0 1.0
2.033476183 0.41258984375 0.0 0.0 0.0 0.0 0.0 1.0
2.044047000 0.414315104167 0.0 0.0 0.0 0.0 0.0 1.0
2.053494000 0.415846354167 0.0 0.0 0.0 0.0 0.0 1.0
2.063861945 0.417537760417 0.0 0.0 0.0 0.0 0.0 1.0
2.073296453 0.4190703125 0.0 0.0 0.0 0.0 0.0 1.0
2.083728355 0.42076171875 0.0 0.0 0.0 0.0 0.0 1.0
2.093061264 0.422286458333 0.0 0.0 0.0 0.0 0.0 1.0
2.103432143 0.42397265625 0.0 0.0 0.0 0.0 0.0 1.0
2.113852283 0.425671875 0.0 0.0 0.0 0.0 0.0 1.0
2.123292011 0.427205729167 0.0 0.0 0.0 0.0 0.0 1.0
2.133706316 0.4288984375 0.0 0.0 0.0 0.0 0.0 1.0
2.143139250 0.430438802083 0.0 0.0 0.0 0.0 0.0 1.0
2.153491767 0.4321171875 0.0 0.0 0.0 0.0 0.0 1.0
2.163843531 0.433805989583 0.0 0.0 0.0 0.0 0.0 1.0
2.173236350 0.435330729167 0.0 0.0 0.0 0.0 0.0 1.0
2.183750059 0.43702734375 0.0 0.0 0.0 0.0 0.0 1.0
2.193137783 0.438559895833 0.0 0.0 0.0 0.0 0.0 1.0
2.203566235 0.440266927083 0.0 0.0 0.0 0.0 0.0 1.0
2.213900687 0.441954427083 0.0 0.0 0.0 0.0 0.0 1.0
2.223359078 0.443481770833 0.0 0.0 0.0 0.0 0.0 1.0
2.233787277 0.445182291667 0.0 0.0 0.0 0.0 0.0 1.0
2.243435360 0.446747395833 0.0 0.0 0.0 0.0 0.0 1.0
2.253850812 0.448446614583 0.0 0.0 0.0 0.0 0.0 1.0
2.263223624 0.449971354167 0.0 0.0 0.0 0.0 0.0 1.0
2.273717886 0.45166796875 0.0 0.0 0.0 0.0 0.0 1.0
2.283068008 0.453200520833 0.0 0.0 0.0 0.0 0.0 1.0
2.293484033 0.454889322917 0.0 0.0 0.0 0.0 0.0 1.0
2.303891530 0.4565859375 0.0 0.0 0.0 0.0 0.0 1.0
2.313351212 0.458122395833 0.0 0.0 0.0 0.0 0.0 1.0
2.323799760 0.4598203125 0.0 0.0 0.0 0.0 0.0 1.0
2.333178243 0.4613515625 0.0 0.0 0.0 0.0 0.0 1.0
2.343743799 0.463065104167 0.0 0.0 0.0 0.0 0.0 1.0
2.353008565 0.464575520833 0.0 0.0 0.0 0.0 0.0 1.0
2.363383938 0.466263020833 0.0 0.0 0.0 0.0 0.0 1.0
2.373807874 0.467958333333 0.0 0.0 0.0 0.0 0.0 1.0
2.383197903 0.469483072917 0.0 0.0 0.0 0.0 0.0 1.0
2.393524809 0.471171875 0.0 0.0 0.0 0.0 0.0 1.0
2.403930841 0.472859375 0.0 0.0 0.0 0.0 0.0 1.0
2.413365911 0.474395833333 0.0 0.0 0.0 0.0 0.0 1.0
2.423831744 0.476098958333 0.0 0.0 0.0 0.0 0.0 1.0
2.433272468 0.477626302083 0.0 0.0 0.0 0.0 0.0 1.0
2.443853867 0.479356770833 0.0 0.0 0.0 0.0 0.0 1.0
2.453276379 0.480890625 0.0 0.0 0.0 0.0 0.0 1.0
2.463705690 0.482580729167 0.0 0.0 0.0 0.0 0.0 1.0
2.472978227 0.48409375 0.0 0.0 0.0 0.0 0.0 1.0
2.483309252 0.485776041667 0.0 0.0 0.0 0.0 0.0 1.0
2.493671570 0.487466145833 0.0 0.0 0.0 0.0 0.0 1.0
2.503025590 0.488977864583 0.0 0.0 0.0 0.0 0.0 1.0
2.513403519 0.49067578125 0.0 0.0 0.0 0.0 0.0 1.0
2.523824831 0.492365885417 0.0 0.0 0.0 0.0 0.0 1.0
2.533278037 0.493897135417 0.0 0.0 0.0 0.0 0.0 1.0
2.543938094 0.495635416667 0.0 0.0 0.0 0.0 0.0 1.0
2.553310784 0.497169270833 0.0 0.0 0.0 0.0 0.0 1.0
2.563758860 0.498861979167 0.0 0.0 0.0 0.0 0.0 1.0
2.573180249 0.500393229167 0.0 0.0 0.0 0.0 0.0 1.0
2.583521679 0.502078125 0.0 0.0 0.0 0.0 0.0 1.0
2.593868801 0.50376171875 0.0 0.0 0.0 0.0 0.0 1.0
2.603275196 0.5052890625 0.0 0.0 0.0 0.0 0.0 1.0
2.613706795 0.50698046875 0.0 0.0 0.0 0.0 0.0 1.0
2.623008581 0.508502604167 0.0 0.0 0.0 0.0 0.0 1.0
2.633455774 0.510197916667 0.0 0.0 0.0 0.0 0.0 1.0
2.643976412 0.51191015625 0.0 0.0 0.0 0.0 0.0 1.0
2.653369731 0.513440104167 0.0 0.0 0.0 0.0 0.0 1.0
2.663887502 0.5151484375 0.0 0.0 0.0 0.0 0.0 1.0
2.673303659 0.516678385417 0.0 0.0 0.0 0.0 0.0 1.0
2.683705596 0.51836328125 0.0 0.0 0.0 0.0 0.0 1.0
2.693025605 0.519888020833 0.0 0.0 0.0 0.0 0.0 1.0
2.703374542 0.521572916667 0.0 0.0 0.0 0.0 0.0 1.0
2.713708052 0.523264322917 0.0 0.0 0.0 0.0 0.0 1.0
2.723029204 0.524770833333 0.0 0.0 0.0 0.0 0.0 1.0
2.733430700 0.526462239583 0.0 0.0 0.0 0.0 0.0 1.0
2.743928105 0.528169270833 0.0 0.0 0.0 0.0 0.0 1.0
2.753263871 0.529688802083 0.0 0.0 0.0 0.0 0.0 1.0
2.763712363 0.5313828125 0.0 0.0 0.0 0.0 0.0 1.0
2.773068772 0.532904947917 0.0 0.0 0.0 0.0 0.0 1.0
2.783444852 0.534600260417 0.0 0.0 0.0 0.0 0.0 1.0
2.793795138 0.536287760417 0.0 0.0 0.0 0.0 0.0 1.0
2.803250844 0.537815104167 0.0 0.0 0.0 0.0 0.0 1.0
2.813609069 0.539506510417 0.0 0.0 0.0 0.0 0.0 1.0
2.824074786 0.541205729167 0.0 0.0 0.0 0.0 0.0 1.0
2.833471285 0.542736979167 0.0 0.0 0.0 0.0 0.0 1.0
2.844091808 0.544466145833 0.0 0.0 0.0 0.0 0.0 1.0
2.853473649 0.54599609375 0.0 0.0 0.0 0.0 0.0 1.0
2.863867040 0.5476875 0.0 0.0 0.0 0.0 0.0 1.0
2.873304841 0.549217447917 0.0 0.0 0.0 0.0 0.0 1.0
2.883853918 0.550907552083 0.0 0.0 0.0 0.0 0.0 1.0
2.893260788 0.55245703125 0.0 0.0 0.0 0.0 0.0 1.0
2.903713711 0.55416015625 0.0 0.0 0.0 0.0 0.0 1.0
2.913021944 0.555684895833 0.0 0.0 0.0 0.0 0.0 1.0
2.923398057 0.557375 0.0 0.0 0.0 0.0 0.0 1.0
2.933900559 0.559067708333 0.0 0.0 0.0 0.0 0.0 1.0
2.943545485 0.560638020833 0.0 0.0 0.0 0.0 0.0 1.0
2.953985957 0.562342447917 0.0 0.0 0.0 0.0 0.0 1.0
2.963417062 0.563876302083 0.0 0.0 0.0 0.0 0.0 1.0
2.973880851 0.565578125 0.0 0.0 0.0 0.0 0.0 1.0
2.983317598 0.567114583333 0.0 0.0 0.0 0.0 0.0 1.0
2.993800617 0.568802083333 0.0 0.0 0.0 0.0 0.0 1.0
3.003224672 0.570358072917 0.0 0.0 0.0 0.0 0.0 1.0
3.013639600 0.572041666667 0.0 0.0 0.0 0.0 0.0 1.0
3.024018267 0.573739583333 0.0 0.0 0.0 0.0 0.0 1.0
3.033448273 0.575270833333 0.0 0.0 0.0 0.0 0.0 1.0
3.044044864 0.5769921875 0.0 0.0 0.0 0.0 0.0 1.0
3.053451511 0.578528645833 0.0 0.0 0.0 0.0 0.0 1.0
3.063967749 0.580216145833 0.0 0.0 0.0 0.0 0.0 1.0
3.073229766 0.581739583333 0.0 0.0 0.0 0.0 0.0 1.0
3.083593189 0.58343359375 0.0 0.0 0.0 0.0 0.0 1.0
3.094047918 0.585127604167 0.0 0.0 0.0 0.0 0.0 1.0
3.103427319 0.586657552083 0.0 0.0 0.0 0.0 0.0 1.0
3.113837463 0.5883515625 0.0 0.0 0.0 0.0 0.0 1.0
3.123288890 0.589884114583 0.0 0.0 0.0 0.0 0.0 1.0
3.133732663 0.591579427083 0.0 0.0 0.0 0.0 0.0 1.0
3.143118065 0.59312109375 0.0 0.0 0.0 0.0 0.0 1.0
3.153520837 0.594805989583 0.0 0.0 0.0 0.0 0.0 1.0
3.163932523 0.596497395833 0.0 0.0 0.0 0.0 0.0 1.0
3.173343544 0.598024739583 0.0 0.0 0.0 0.0 0.0 1.0
3.183688471 0.599712239583 0.0 0.0 0.0 0.0 0.0 1.0
3.193115015 0.601227864583 0.0 0.0 0.0 0.0 0.0 1.0
3.203359401 0.602908854167 0.0 0.0 0.0 0.0 0.0 1.0
3.213852393 0.604623697917 0.0 0.0 0.0 0.0 0.0 1.0
3.223214396 0.606151041667 0.0 0.0 0.0 0.0 0.0 1.0
3.233671098 0.60783984375 0.0 0.0 0.0 0.0 0.0 1.0
3.243141567 0.609385416667 0.0 0.0 0.0 0.0 0.0 1.0
3.253524428 0.6110703125 0.0 0.0 0.0 0.0 0.0 1.0
3.263864483 0.6127578125 0.0 0.0 0.0 0.0 0.0 1.0
3.273211814 0.61428125 0.0 0.0 0.0 0.0 0.0 1.0
3.283602455 0.615966145833 0.0 0.0 0.0 0.0 0.0 1.0
3.293980324 0.61765625 0.0 0.0 0.0 0.0 0.0 1.0
3.303373852 0.619180989583 0.0 0.0 0.0 0.0 0.0 1.0
3.313777242 0.62087109375 0.0 0.0 0.0 0.0 0.0 1.0
3.323058982 0.622385416667 0.0 0.0 0.0 0.0 0.0 1.0
3.333432793 0.624072916667 0.0 0.0 0.0 0.0 0.0 1.0
3.344028747 0.625796875 0.0 0.0 0.0 0.0 0.0 1.0
3.353418818 0.6273203125 0.0 0.0 0.0 0.0 0.0 1.0
3.363755479 0.629014322917 0.0 0.0 0.0 0.0 0.0 1.0
3.373114515 0.630536458333 0.0 0.0 0.0 0.0 0.0 1.0
3.383482157 0.63221875 0.0 0.0 0.0 0.0 0.0 1.0
3.393848095 0.63390625 0.0 0.0 0.0 0.0 0.0 1.0
3.403289143 0.635436197917 0.0 0.0 0.0 0.0 0.0 1.0
3.413699158 0.637125 0.0 0.0 0.0 0.0 0.0 1.0
3.423059946 0.63865234375 0.0 0.0 0.0 0.0 0.0 1.0
3.433337588 0.6403359375 0.0 0.0 0.0 0.0 0.0 1.0
3.443945500 0.642049479167 0.0 0.0 0.0 0.0 0.0 1.0
3.453349777 0.643576822917 0.0 0.0 0.0 0.0 0.0 1.0
3.463709273 0.645268229167 0.0 0.0 0.0 0.0 0.0 1.0
3.473042587 0.646783854167 0.0 0.0 0.0 0.0 0.0 1.0
3.483413073 0.648473958333 0.0 0.0 0.0 0.0 0.0 1.0
3.493757018 0.65015625 0.0 0.0 0.0 0.0 0.0 1.0
3.503086369 0.651673177083 0.0 0.0 0.0 0.0 0.0 1.0
3.513512440 0.653369791667 0.0 0.0 0.0 0.0 0.0 1.0
3.523876955 0.655063802083 0.0 0.0 0.0 0.0 0.0 1.0
3.533301180 0.656588541667 0.0 0.0 0.0 0.0 0.0 1.0
3.544019936 0.658334635417 0.0 0.0 0.0 0.0 0.0 1.0
3.553422489 0.65986328125 0.0 0.0 0.0 0.0 0.0 1.0
3.563856039 0.661561197917 0.0 0.0 0.0 0.0 0.0 1.0
3.573205718 0.663087239583 0.0 0.0 0.0 0.0 0.0 1.0
3.583581708 0.664766927083 0.0 0.0 0.0 0.0 0.0 1.0
3.593913538 0.666451822917 0.0 0.0 0.0 0.0 0.0 1.0
3.603305805 0.667979166667 0.0 0.0 0.0 0.0 0.0 1.0
3.613707588 0.669666666667 0.0 0.0 0.0 0.0 0.0 1.0
3.622936087 0.671180989583 0.0 0.0 0.0 0.0 0.0 1.0
3.633337028 0.672865885417 0.0 0.0 0.0 0.0 0.0 1.0
3.643903200 0.674579427083 0.0 0.0 0.0 0.0 0.0 1.0
3.653237574 0.676104166667 0.0 0.0 0.0 0.0 0.0 1.0
3.663584384 0.6777890625 0.0 0.0 0.0 0.0 0.0 1.0
3.673979114 0.679477864583 0.0 0.0 0.0 0.0 0.0 1.0
3.683370988 0.681005208333 0.0 0.0 0.0 0.0 0.0 1.0
3.693850033 0.682704427083 0.0 0.0 0.0 0.0 0.0 1.0
3.703233462 0.684236979167 0.0 0.0 0.0 0.0 0.0 1.0
3.713684705 0.6859296875 0.0 0.0 0.0 0.0 0.0 1.0
3.723002896 0.687446614583 0.0 0.0 0.0 0.0 0.0 1.0
3.733358716 0.689134114583 0.0 0.0 0.0 0.0 0.0 1.0
3.743968278 0.690858072917 0.0 0.0 0.0 0.0 0.0 1.0
3.753375260 0.692393229167 0.0 0.0 0.0 0.0 0.0 1.0
3.763896425 0.6941015625 0.0 0.0 0.0 0.0 0.0 1.0
3.773243517 0.695623697917 0.0 0.0 0.0 0.0 0.0 1.0
3.783656283 0.697311197917 0.0 0.0 0.0 0.0 0.0 1.0
3.793951674 0.699 0.0 0.0 0.0 0.0 0.0 1.0
3.803448599 0.700532552083 0.0 0.0 0.0 0.0 0.0 1.0
3.813862454 0.70223046875 0.0 0.0 0.0 0.0 0.0 1.0
3.823234911 0.7037578125 0.0 0.0 0.0 0.0 0.0 1.0
3.833583105 0.705440104167 0.0 0.0 0.0 0.0 0.0 1.0
3.844081430 0.707149739583 0.0 0.0 0.0 0.0 0.0 1.0
3.853481593 0.70868359375 0.0 0.0 0.0 0.0 0.0 1.0
3.863826943 0.710365885417 0.0 0.0 0.0 0.0 0.0 1.0
3.873244959 0.711891927083 0.0 0.0 0.0 0.0 0.0 1.0
3.883674722 0.713579427083 0.0 0.0 0.0 0.0 0.0 1.0
3.894039887 0.71526953125 0.0 0.0 0.0 0.0 0.0 1.0
3.903432582 0.71680078125 0.0 0.0 0.0 0.0 0.0 1.0
3.913807968 0.71848828125 0.0 0.0 0.0 0.0 0.0 1.0
3.923217955 0.720015625 0.0 0.0 0.0 0.0 0.0 1.0
3.933618603 0.7217109375 0.0 0.0 0.0 0.0 0.0 1.0
3.943157946 0.723263020833 0.0 0.0 0.0 0.0 0.0 1.0
3.953509352 0.724947916667 0.0 0.0 0.0 0.0 0.0 1.0
3.963805898 0.726630208333 0.0 0.0 0.0 0.0 0.0 1.0
3.973199611 0.728157552083 0.0 0.0 0.0 0.0 0.0 1.0
3.983636534 0.729846354167 0.0 0.0 0.0 0.0 0.0 1.0
3.993993749 0.73153515625 0.0 0.0 0.0 0.0 0.0 1.0
4.003424116 0.733063802083 0.0 0.0 0.0 0.0 0.0 1.0
4.013794174 0.7347578125 0.0 0.0 0.0 0.0 0.0 1.0
4.023131101 0.73628515625 0.0 0.0 0.0 0.0 0.0 1.0
4.033610359 0.737975260417 0.0 0.0 0.0 0.0 0.0 1.0
4.044243047 0.73970703125 0.0 0.0 0.0 0.0 0.0 1.0
4.053687054 0.741236979167 0.0 0.0 0.0 0.0 0.0 1.0
4.063049405 0.742766927083 0.0 0.0 0.0 0.0 0.0 1.0
4.073503132 0.744470052083 0.0 0.0 0.0 0.0 0.0 1.0
4.083874093 0.746158854167 0.0 0.0 0.0 0.0 0.0 1.0
4.093292278 0.747690104167 0.0 0.0 0.0 0.0 0.0 1.0
4.103679537 0.749384114583 0.0 0.0 0.0 0.0 0.0 1.0
4.113065419 0.750899739583 0.0 0.0 0.0 0.0 0.0 1.0
4.123545844 0.7526015625 0.0 0.0 0.0 0.0 0.0 1.0
4.133927115 0.754295572917 0.0 0.0 0.0 0.0 0.0 1.0
4.143450973 0.755848958333 0.0 0.0 0.0 0.0 0.0 1.0
4.153889905 0.757540364583 0.0 0.0 0.0 0.0 0.0 1.0
4.163291092 0.7590703125 0.0 0.0 0.0 0.0 0.0 1.0
4.173749478 0.760760416667 0.0 0.0 0.0 0.0 0.0 1.0
4.183053700 0.762282552083 0.0 0.0 0.0 0.0 0.0 1.0
4.193516591 0.7639765625 0.0 0.0 0.0 0.0 0.0 1.0
4.203946887 0.765682291667 0.0 0.0 0.0 0.0 0.0 1.0
4.213268048 0.767209635417 0.0 0.0 0.0 0.0 0.0 1.0
4.223742980 0.768908854167 0.0 0.0 0.0 0.0 0.0 1.0
4.233101737 0.770436197917 0.0 0.0 0.0 0.0 0.0 1.0
4.243690001 0.772153645833 0.0 0.0 0.0 0.0 0.0 1.0
4.252959108 0.773670572917 0.0 0.0 0.0 0.0 0.0 1.0
4.263440626 0.77535546875 0.0 0.0 0.0 0.0 0.0 1.0
4.273816637 0.7770546875 0.0 0.0 0.0 0.0 0.0 1.0
4.283237034 0.778584635417 0.0 0.0 0.0 0.0 0.0 1.0
4.293697014 0.7802890625 0.0 0.0 0.0 0.0 0.0 1.0
4.303020127 0.781809895833 0.0 0.0 0.0 0.0 0.0 1.0
4.313487653 0.783509114583 0.0 0.0 0.0 0.0 0.0 1.0
4.323886428 0.785205729167 0.0 0.0 0.0 0.0 0.0 1.0
4.333347770 0.78673828125 0.0 0.0 0.0 0.0 0.0 1.0
4.343908747 0.788459635417 0.0 0.0 0.0 0.0 0.0 1.0
4.353328768 0.789993489583 0.0 0.0 0.0 0.0 0.0 1.0
4.363689710 0.791682291667 0.0 0.0 0.0 0.0 0.0 1.0
4.372995889 0.7931953125 0.0 0.0 0.0 0.0 0.0 1.0
4.383393839 0.794885416667 0.0 0.0 0.0 0.0 0.0 1.0
4.393747808 0.796575520833 0.0 0.0 0.0 0.0 0.0 1.0
4.403214114 0.798106770833 0.0 0.0 0.0 0.0 0.0 1.0
4.413690594 0.799805989583 0.0 0.0 0.0 0.0 0.0 1.0
4.423036769 0.801333333333 0.0 0.0 0.0 0.0 0.0 1.0
4.433476801 0.80302734375 0.0 0.0 0.0 0.0 0.0 1.0
4.443970778 0.804744791667 0.0 0.0 0.0 0.0 0.0 1.0
4.453246712 0.8062578125 0.0 0.0 0.0 0.0 0.0 1.0
4.463628026 0.80794140625 0.0 0.0 0.0 0.0 0.0 1.0
4.472989624 0.809462239583 0.0 0.0 0.0 0.0 0.0 1.0
4.483427229 0.811161458333 0.0 0.0 0.0 0.0 0.0 1.0
4.493788112 0.81284375 0.0 0.0 0.0 0.0 0.0 1.0
4.503188877 0.81437109375 0.0 0.0 0.0 0.0 0.0 1.0
4.513617348 0.81606640625 0.0 0.0 0.0 0.0 0.0 1.0
4.524034194 0.817765625 0.0 0.0 0.0 0.0 0.0 1.0
4.533493926 0.819299479167 0.0 0.0 0.0 0.0 0.0 1.0
4.544073155 0.821016927083 0.0 0.0 0.0 0.0 0.0 1.0
4.553509393 0.822553385417 0.0 0.0 0.0 0.0 0.0 1.0
4.563924851 0.824244791667 0.0 0.0 0.0 0.0 0.0 1.0
4.573279274 0.825774739583 0.0 0.0 0.0 0.0 0.0 1.0
4.583745834 0.827475260417 0.0 0.0 0.0 0.0 0.0 1.0
4.593192911 0.829014322917 0.0 0.0 0.0 0.0 0.0 1.0
4.603691867 0.830713541667 0.0 0.0 0.0 0.0 0.0 1.0
4.613048860 0.832243489583 0.0 0.0 0.0 0.0 0.0 1.0
4.623449742 0.833936197917 0.0 0.0 0.0 0.0 0.0 1.0
4.633834391 0.8356328125 0.0 0.0 0.0 0.0 0.0 1.0
4.643410699 0.837186197917 0.0 0.0 0.0 0.0 0.0 1.0
4.653831412 0.838880208333 0.0 0.0 0.0 0.0 0.0 1.0
4.663293206 0.84041015625 0.0 0.0 0.0 0.0 0.0 1.0
4.673686675 0.842106770833 0.0 0.0 0.0 0.0 0.0 1.0
4.682978788 0.843623697917 0.0 0.0 0.0 0.0 0.0 1.0
4.693373498 0.84530859375 0.0 0.0 0.0 0.0 0.0 1.0
4.703848110 0.847010416667 0.0 0.0 0.0 0.0 0.0 1.0
4.713260770 0.848549479167 0.0 0.0 0.0 0.0 0.0 1.0
4.723680783 0.850239583333 0.0 0.0 0.0 0.0 0.0 1.0
4.733042961 0.851756510417 0.0 0.0 0.0 0.0 0.0 1.0
4.743552716 0.853471354167 0.0 0.0 0.0 0.0 0.0 1.0
4.753940464 0.855165364583 0.0 0.0 0.0 0.0 0.0 1.0
4.763269344 0.856690104167 0.0 0.0 0.0 0.0 0.0 1.0
4.773694431 0.858377604167 0.0 0.0 0.0 0.0 0.0 1.0
4.782999448 0.859893229167 0.0 0.0 0.0 0.0 0.0 1.0
4.793394522 0.861584635417 0.0 0.0 0.0 0.0 0.0 1.0
4.803812514 0.863278645833 0.0 0.0 0.0 0.0 0.0 1.0
4.813201159 0.864809895833 0.0 0.0 0.0 0.0 0.0 1.0
4.823628853 0.8665 0.0 0.0 0.0 0.0 0.0 1.0
4.834069630 0.868194010417 0.0 0.0 0.0 0.0 0.0 1.0
4.843587140 0.869744791667 0.0 0.0 0.0 0.0 0.0 1.0
4.853968641 0.871444010417 0.0 0.0 0.0 0.0 0.0 1.0
4.863529267 0.872967447917 0.0 0.0 0.0 0.0 0.0 1.0
4.873834226 0.874669270833 0.0 0.0 0.0 0.0 0.0 1.0
4.883346030 0.876208333333 0.0 0.0 0.0 0.0 0.0 1.0
4.893664068 0.877899739583 0.0 0.0 0.0 0.0 0.0 1.0
4.903995154 0.87958203125 0.0 0.0 0.0 0.0 0.0 1.0
4.913408738 0.881104166667 0.0 0.0 0.0 0.0 0.0 1.0
4.923767333 0.882795572917 0.0 0.0 0.0 0.0 0.0 1.0
4.933168793 0.884322916667 0.0 0.0 0.0 0.0 0.0 1.0
4.943693604 0.886037760417 0.0 0.0 0.0 0.0 0.0 1.0
4.953035136 0.88755078125 0.0 0.0 0.0 0.0 0.0 1.0
4.963524793 0.889251302083 0.0 0.0 0.0 0.0 0.0 1.0
4.974087563 0.890950520833 0.0 0.0 0.0 0.0 0.0 1.0
4.983300766 0.892481770833 0.0 0.0 0.0 0.0 0.0 1.0
4.993717218 0.894169270833 0.0 0.0 0.0 0.0 0.0 1.0
5.003024498 0.8956875 0.0 0.0 0.0 0.0 0.0 1.0
5.013477140 0.897385416667 0.0 0.0 0.0 0.0 0.0 1.0
5.023862876 0.899083333333 0.0 0.0 0.0 0.0 0.0 1.0
5.033373170 0.900608072917 0.0 0.0 0.0 0.0 0.0 1.0
5.043844294 0.902326822917 0.0 0.0 0.0 0.0 0.0 1.0
5.053304166 0.903856770833 0.0 0.0 0.0 0.0 0.0 1.0
5.063714492 0.905557291667 0.0 0.0 0.0 0.0 0.0 1.0
5.073079796 0.90708203125 0.0 0.0 0.0 0.0 0.0 1.0
5.083489259 0.908776041667 0.0 0.0 0.0 0.0 0.0 1.0
5.093924145 0.9104765625 0.0 0.0 0.0 0.0 0.0 1.0
5.103368712 0.9120078125 0.0 0.0 0.0 0.0 0.0 1.0
5.113691930 0.913697916667 0.0 0.0 0.0 0.0 0.0 1.0
5.123050111 0.9152109375 0.0 0.0 0.0 0.0 0.0 1.0
5.133506562 0.9169140625 0.0 0.0 0.0 0.0 0.0 1.0
5.144080142 0.9186328125 0.0 0.0 0.0 0.0 0.0 1.0
5.153501941 0.920166666667 0.0 0.0 0.0 0.0 0.0 1.0
5.163912660 0.92185546875 0.0 0.0 0.0 0.0 0.0 1.0
5.173260821 0.923385416667 0.0 0.0 0.0 0.0 0.0 1.0
5.183691863 0.925076822917 0.0 0.0 0.0 0.0 0.0 1.0
5.193024394 0.926598958333 0.0 0.0 0.0 0.0 0.0 1.0
5.203476109 0.928299479167 0.0 0.0 0.0 0.0 0.0 1.0
5.213899337 0.92999609375 0.0 0.0 0.0 0.0 0.0 1.0
5.223238896 0.931520833333 0.0 0.0 0.0 0.0 0.0 1.0
5.233669728 0.933205729167 0.0 0.0 0.0 0.0 0.0 1.0
5.243006109 0.93473828125 0.0 0.0 0.0 0.0 0.0 1.0
5.253474939 0.9364296875 0.0 0.0 0.0 0.0 0.0 1.0
5.263849504 0.9381171875 0.0 0.0 0.0 0.0 0.0 1.0
5.273333138 0.939654947917 0.0 0.0 0.0 0.0 0.0 1.0
5.283672361 0.941348958333 0.0 0.0 0.0 0.0 0.0 1.0
5.293045172 0.9428671875 0.0 0.0 0.0 0.0 0.0 1.0
5.303472754 0.9445625 0.0 0.0 0.0 0.0 0.0 1.0
5.313909979 0.94626171875 0.0 0.0 0.0 0.0 0.0 1.0
5.323361169 0.947799479167 0.0 0.0 0.0 0.0 0.0 1.0
5.333751992 0.949493489583 0.0 0.0 0.0 0.0 0.0 1.0
5.343289454 0.951033854167 0.0 0.0 0.0 0.0 0.0 1.0
5.353711641 0.952727864583 0.0 0.0 0.0 0.0 0.0 1.0
5.364088765 0.95442578125 0.0 0.0 0.0 0.0 0.0 1.0
5.373514285 0.955955729167 0.0 0.0 0.0 0.0 0.0 1.0
5.383891436 0.95764453125 0.0 0.0 0.0 0.0 0.0 1.0
5.393182847 0.959166666667 0.0 0.0 0.0 0.0 0.0 1.0
5.403674619 0.96086328125 0.0 0.0 0.0 0.0 0.0 1.0
5.413039449 0.962385416667 0.0 0.0 0.0 0.0 0.0 1.0
5.423507055 0.964080729167 0.0 0.0 0.0 0.0 0.0 1.0
5.433832175 0.9657734375 0.0 0.0 0.0 0.0 0.0 1.0
5.443463212 0.967334635417 0.0 0.0 0.0 0.0 0.0 1.0
5.453925578 0.969033854167 0.0 0.0 0.0 0.0 0.0 1.0
5.463328509 0.970569010417 0.0 0.0 0.0 0.0 0.0 1.0
5.473760843 0.97226171875 0.0 0.0 0.0 0.0 0.0 1.0
5.483170942 0.973794270833 0.0 0.0 0.0 0.0 0.0 1.0
5.493558471 0.975485677083 0.0 0.0 0.0 0.0 0.0 1.0
5.503940833 0.977173177083 0.0 0.0 0.0 0.0 0.0 1.0
5.513377167 0.978704427083 0.0 0.0 0.0 0.0 0.0 1.0
5.523919816 0.980397135417 0.0 0.0 0.0 0.0 0.0 1.0
5.533284143 0.981951822917 0.0 0.0 0.0 0.0 0.0 1.0
5.543878801 0.98367578125 0.0 0.0 0.0 0.0 0.0 1.0
5.553210905 0.98519921875 0.0 0.0 0.0 0.0 0.0 1.0
5.563705909 0.986890625 0.0 0.0 0.0 0.0 0.0 1.0
5.573032405 0.988412760417 0.0 0.0 0.0 0.0 0.0 1.0
5.583459328 0.990109375 0.0 0.0 0.0 0.0 0.0 1.0
5.593891860 0.991811197917 0.0 0.0 0.0 0.0 0.0 1.0
5.603355838 0.99334375 0.0 0.0 0.0 0.0 0.0 1.0
5.613777559 0.995046875 0.0 0.0 0.0 0.0 0.0 1.0
5.623201993 0.996576822917 0.0 0.0 0.0 0.0 0.0 1.0
5.633711474 0.998276041667 0.0 0.0 0.0 0.0 0.0 1.0
5.643058652 0.999813802083 0.0 0.0 0.0 0.0 0.0 1.0
5.653523798 1.0015078125 0.0 0.0 0.0 0.0 0.0 1.0
5.663840791 1.00319921875 0.0 0.0 0.0 0.0 0.0 1.0
5.673268718 1.00472916667 0.0 0.0 0.0 0.0 0.0 1.0
5.683688441 1.00642057292 0.0 0.0 0.0 0.0 0.0 1.0
5.693015096 1.00793880208 0.0 0.0 0.0 0.0 0.0 1.0
5.703439871 1.00963411458 0.0 0.0 0.0 0.0 0.0 1.0
5.713791066 1.01132291667 0.0 0.0 0.0 0.0 0.0 1.0
5.723171715 1.01284505208 0.0 0.0 0.0 0.0 0.0 1.0
5.733685037 1.01453776042 0.0 0.0 0.0 0.0 0.0 1.0
5.743181780 1.01609114583 0.0 0.0 0.0 0.0 0.0 1.0
5.753570109 1.01778385417 0.0 0.0 0.0 0.0 0.0 1.0
5.764073726 1.01947526042 0.0 0.0 0.0 0.0 0.0 1.0
5.773325510 1.0210078125 0.0 0.0 0.0 0.0 0.0 1.0
5.783769795 1.02269401042 0.0 0.0 0.0 0.0 0.0 1.0
5.793052433 1.02421354167 0.0 0.0 0.0 0.0 0.0 1.0
5.803527403 1.02590885417 0.0 0.0 0.0 0.0 0.0 1.0
5.813966934 1.02760807292 0.0 0.0 0.0 0.0 0.0 1.0
5.823325704 1.02913802083 0.0 0.0 0.0 0.0 0.0 1.0
5.833772704 1.03083203125 0.0 0.0 0.0 0.0 0.0 1.0
5.843329323 1.032390625 0.0 0.0 0.0 0.0 0.0 1.0
5.853929983 1.03411458333 0.0 0.0 0.0 0.0 0.0 1.0
5.863309274 1.03564192708 0.0 0.0 0.0 0.0 0.0 1.0
5.873705664 1.03732942708 0.0 0.0 0.0 0.0 0.0 1.0
5.882985925 1.03884244792 0.0 0.0 0.0 0.0 0.0 1.0
5.893381488 1.04053125 0.0 0.0 0.0 0.0 0.0 1.0
5.903754617 1.04222395833 0.0 0.0 0.0 0.0 0.0 1.0
5.913101494 1.04374088542 0.0 0.0 0.0 0.0 0.0 1.0
5.923505192 1.04543359375 0.0 0.0 0.0 0.0 0.0 1.0
5.933938147 1.04713020833 0.0 0.0 0.0 0.0 0.0 1.0
5.943436100 1.04867708333 0.0 0.0 0.0 0.0 0.0 1.0
5.953835922 1.05036588542 0.0 0.0 0.0 0.0 0.0 1.0
5.963271685 1.05190364583 0.0 0.0 0.0 0.0 0.0 1.0
5.973655194 1.05359114583 0.0 0.0 0.0 0.0 0.0 1.0
5.982977516 1.05511067708 0.0 0.0 0.0 0.0 0.0 1.0
5.993380999 1.05680208333 0.0 0.0 0.0 0.0 0.0 1.0
6.003846091 1.05849869792 0.0 0.0 0.0 0.0 0.0 1.0
6.013233920 1.06002864583 0.0 0.0 0.0 0.0 0.0 1.0
6.023633934 1.06172135417 0.0 0.0 0.0 0.0 0.0 1.0
6.034017205 1.06341276042 0.0 0.0 0.0 0.0 0.0 1.0
6.043640385 1.06497135417 0.0 0.0 0.0 0.0 0.0 1.0
6.052988529 1.06649869792 0.0 0.0 0.0 0.0 0.0 1.0
6.063384166 1.06818489583 0.0 0.0 0.0 0.0 0.0 1.0
6.073911230 1.069875 0.0 0.0 0.0 0.0 0.0 1.0
6.083280302 1.07142838542 0.0 0.0 0.0 0.0 0.0 1.0
6.093625579 1.07309765625 0.0 0.0 0.0 0.0 0.0 1.0
6.104006432 1.07473828125 0.0 0.0 0.0 0.0 0.0 1.0
6.113372938 1.076171875 0.0 0.0 0.0 0.0 0.0 1.0
6.123797414 1.07771744792 0.0 0.0 0.0 0.0 0.0 1.0
6.133257177 1.07906901042 0.0 0.0 0.0 0.0 0.0 1.0
6.143752576 1.08053125 0.0 0.0 0.0 0.0 0.0 1.0
6.153056721 1.08177864583 0.0 0.0 0.0 0.0 0.0 1.0
6.163423408 1.08311979167 0.0 0.0 0.0 0.0 0.0 1.0
6.173795021 1.08440885417 0.0 0.0 0.0 0.0 0.0 1.0
6.183167391 1.08553125 0.0 0.0 0.0 0.0 0.0 1.0
6.193526184 1.08672526042 0.0 0.0 0.0 0.0 0.0 1.0
6.203906999 1.0878671875 0.0 0.0 0.0 0.0 0.0 1.0
6.213353882 1.08885807292 0.0 0.0 0.0 0.0 0.0 1.0
6.223662742 1.0898984375 0.0 0.0 0.0 0.0 0.0 1.0
6.233010210 1.09079166667 0.0 0.0 0.0 0.0 0.0 1.0
6.243603546 1.09175651042 0.0 0.0 0.0 0.0 0.0 1.0
6.253950550 1.09264973958 0.0 0.0 0.0 0.0 0.0 1.0
6.263387181 1.09341666667 0.0 0.0 0.0 0.0 0.0 1.0
6.273841357 1.09421875 0.0 0.0 0.0 0.0 0.0 1.0
6.283269370 1.09489713542 0.0 0.0 0.0 0.0 0.0 1.0
6.293624568 1.09559505208 0.0 0.0 0.0 0.0 0.0 1.0
6.303990221 1.0962421875 0.0 0.0 0.0 0.0 0.0 1.0
6.313416064 1.09677994792 0.0 0.0 0.0 0.0 0.0 1.0
6.323719345 1.09732942708 0.0 0.0 0.0 0.0 0.0 1.0
6.333067556 1.09777864583 0.0 0.0 0.0 0.0 0.0 1.0
6.343591239 1.098234375 0.0 0.0 0.0 0.0 0.0 1.0
6.354085381 1.09863932292 0.0 0.0 0.0 0.0 0.0 1.0
6.363425052 1.09895572917 0.0 0.0 0.0 0.0 0.0 1.0
6.373832710 1.09925651042 0.0 0.0 0.0 0.0 0.0 1.0
6.383208614 1.09948567708 0.0 0.0 0.0 0.0 0.0 1.0
6.393627520 1.09969010417 0.0 0.0 0.0 0.0 0.0 1.0
6.404016310 1.09984244792 0.0 0.0 0.0 0.0 0.0 1.0
6.413368203 1.09993619792 0.0 0.0 0.0 0.0 0.0 1.0
6.423784257 1.09999088542 0.0 0.0 0.0 0.0 0.0 1.0
6.433224421 1.1 0.0 0.0 0.0 0.0 0.0 1.0
6.443849551 1.1 0.0 0.0 0.0 0.0 0.0 1.0
6.453255680 1.09998177083 0.0 0.0 0.0 0.0 0.0 1.0
6.463710399 1.09991145833 0.0 0.0 0.0 0.0 0.0 1.0
6.472994823 1.09980338542 0.0 0.0 0.0 0.0 0.0 1.0
6.483407965 1.09963411458 0.0 0.0 0.0 0.0 0.0 1.0
