# system_time(ms) relative_timestamp(us) sliceDeltaT(us) method globalVx(pps) globalVy(pps) globalRotation(degree/s) samples
# created Thu Nov 16 20:40:19 CET 2017
46	524997 24648 OpenLK 95.7 1.45 -40.0 18
46	524997 24648 ABMOF 69.9 1.82 -6.65 57
93	549997 26895 OpenLK 90.0 2.02 -3.24 54
93	549997 26895 ABMOF 81.8 -3.86 -33.2 63
133	569994 24063 OpenLK 88.5 0.736 -16.0 49
133	569994 24063 ABMOF 71.9 -2.48 -29.5 15
177	594989 25158 OpenLK 87.0 -0.904 -36.5 50
177	594989 25158 ABMOF 79.2 3.96 -49.8 21
230	624996 28102 OpenLK 85.7 1.35 -21.0 48
230	624996 28102 ABMOF 84.5 0.00 -34.6 32
291	654992 27552 OpenLK 88.9 0.191 -17.0 30
291	654992 27552 ABMOF 80.1 0.593 -45.7 60
341	684998 35334 OpenLK 79.1 1.47 -55.7 58
341	684998 35334 ABMOF 99.8 9.07 -125 4
416	724998 32489 OpenLK 91.8 1.94 -23.4 34
416	724998 32489 ABMOF 82.3 2.21 -25.6 64
467	749990 28415 OpenLK 96.5 -1.06 -57.9 48
467	749990 28415 ABMOF 82.1 -2.93 -42.4 42
521	780000 29206 OpenLK 89.1 0.710 -18.5 50
521	780000 29206 ABMOF 98.5 -0.782 10.1 45
566	804997 26876 OpenLK 91.9 1.64 -40.8 36
566	804997 26876 ABMOF 77.4 4.08 -14.2 42
631	834994 28450 OpenLK 86.5 1.41 -14.7 22
631	834994 28450 ABMOF 78.8 -0.730 -49.1 51
675	864990 29318 OpenLK 86.4 0.356 -27.8 59
675	864990 29318 ABMOF 86.4 3.57 -23.4 59
726	889996 28781 OpenLK 90.0 1.09 -26.2 10
726	889996 28781 ABMOF 89.8 -1.80 -35.2 19
775	914891 25086 OpenLK 97.2 -0.452 -24.6 48
775	914891 25086 ABMOF 73.0 0.00 -24.4 30
841	944997 25424 OpenLK 87.6 -0.157 -32.5 27
841	944997 25424 ABMOF 77.6 0.699 -19.9 57
885	969979 27825 OpenLK 84.7 0.763 -22.4 48
885	969979 27825 ABMOF 79.8 3.47 -24.5 34
953	998490 28958 OpenLK 86.4 0.980 -25.9 41
953	998490 28958 ABMOF 80.2 -1.97 -13.4 73
1010	1029999 30153 OpenLK 87.3 -1.82 -24.8 23
1010	1029999 30153 ABMOF 94.3 0.00 -40.8 41
1076	1059994 30209 OpenLK 86.5 1.79 -23.9 25
1076	1059994 30209 ABMOF 90.3 -4.89 -15.2 61
1117	1084994 26017 OpenLK 93.4 -1.16 -32.3 14
1117	1084994 26017 ABMOF 69.6 5.71 -32.7 29
1165	1109998 24782 OpenLK 90.0 1.28 -8.78 23
1165	1109998 24782 ABMOF 76.9 1.48 -12.5 26
1208	1134999 25535 OpenLK 87.8 -1.03 -32.2 74
1208	1134999 25535 ABMOF 76.0 -3.10 -5.74 26
1261	1164990 29171 OpenLK 82.4 0.834 -21.6 45
1261	1164990 29171 ABMOF 83.1 1.91 -23.2 41
1318	1194998 30237 OpenLK 89.4 0.496 -39.3 25
1318	1194998 30237 ABMOF 90.8 2.78 -13.2 37
1369	1224999 32159 OpenLK 86.3 -0.0530 -31.8 34
1369	1224999 32159 ABMOF 92.6 0.00 -19.4 10
1430	1254996 30545 OpenLK 90.2 1.66 -17.4 29
1430	1254996 30545 ABMOF 93.3 0.00 20.8 8
1487	1284992 26203 OpenLK 93.5 0.739 -19.9 68
1487	1284992 26203 ABMOF 75.3 0.655 -17.1 50
1542	1309999 25186 OpenLK 90.3 -0.173 -27.2 43
1542	1309999 25186 ABMOF 72.0 3.47 -20.6 44
1596	1335000 25395 OpenLK 89.9 0.973 -13.5 78
1596	1335000 25395 ABMOF 80.7 0.00 -1.16 62
1663	1365000 26435 OpenLK 88.4 -0.235 -7.69 97
1663	1365000 26435 ABMOF 79.3 -0.505 -13.6 78
1719	1395000 32784 OpenLK 80.3 2.55 -12.3 38
1719	1395000 32784 ABMOF 107 -1.54 -12.7 49
1775	1419992 27117 OpenLK 94.4 -0.648 -18.7 37
1776	1419992 27117 ABMOF 81.6 0.00 -8.15 43
1836	1449990 27968 OpenLK 89.0 0.335 -15.1 76
1836	1449990 27968 ABMOF 88.3 0.00 -38.0 33
1904	1479999 26532 OpenLK 88.5 0.774 -9.45 64
1904	1479999 26532 ABMOF 70.7 -2.52 -8.64 85
1940	1504990 28680 OpenLK 83.1 0.712 -8.53 70
1940	1504990 28680 ABMOF 78.1 -1.35 0.671 28
2012	1534982 30505 OpenLK 85.0 -0.669 -8.16 80
2013	1534982 30505 ABMOF 86.1 1.09 0.0343 32
2063	1564999 29058 OpenLK 91.0 0.306 9.98 74
2063	1564999 29058 ABMOF 86.6 -1.17 13.6 28
2104	1589999 26035 OpenLK 96.2 0.856 -17.4 69
2104	1589999 26035 ABMOF 84.1 0.00 6.39 18
2149	1619999 26715 OpenLK 90.1 2.71 -11.1 51
2149	1619999 26715 ABMOF 79.7 2.88 -16.8 40
2189	1644998 30316 OpenLK 82.5 0.0966 -24.4 95
2189	1644998 30316 ABMOF 105 0.00 -3.63 15
2252	1679999 29346 OpenLK 91.0 0.504 -8.20 51
2252	1679999 29346 ABMOF 90.9 -0.673 8.36 49
2294	1704993 32243 OpenLK 83.8 2.50 -7.89 84
2294	1704993 32243 ABMOF 85.2 0.00 -35.7 2
2358	1740000 30664 OpenLK 92.4 -0.0797 -14.1 88
2359	1740000 30664 ABMOF 89.9 0.00 14.5 30
2408	1764996 27676 OpenLK 94.1 3.08 -7.96 76
2408	1764996 27676 ABMOF 79.5 6.11 -19.2 16
2466	1790000 26084 OpenLK 92.1 0.208 -6.33 52
2466	1790000 26084 ABMOF 78.3 6.02 184 6
2522	1819994 26459 OpenLK 89.7 1.42 -1.71 100
2522	1819994 26459 ABMOF 78.2 -4.60 -33.5 25
2591	1849991 28528 OpenLK 79.9 6.33 -10.6 49
2591	1849991 28528 ABMOF 82.9 2.91 -4.24 52
2650	1880000 31382 OpenLK 84.2 1.53 7.41 57
2650	1880000 31382 ABMOF 91.9 -0.779 -11.1 45
2709	1905000 27435 OpenLK 95.1 1.48 -13.2 100
2709	1905000 27435 ABMOF 89.2 0.00 -13.4 15
2756	1934999 27494 OpenLK 89.4 2.69 3.37 100
2756	1934999 27494 ABMOF 75.6 0.00 -33.8 41
2806	1954996 23246 OpenLK 97.9 0.773 -1.57 62
2806	1954996 23246 ABMOF 72.7 0.00 6.66 12
2862	1984998 29961 OpenLK 79.4 2.95 -3.60 100
2862	1984998 29961 ABMOF 86.0 -3.91 -32.4 11
2947	2025000 29499 OpenLK 92.1 0.843 -17.8 97
2947	2025000 29499 ABMOF 91.8 2.23 -14.4 120
2987	2044992 30911 OpenLK 88.7 -0.424 -10.6 79
2987	2044992 30911 ABMOF 93.2 0.00 -12.2 8
3055	2079986 30798 OpenLK 89.4 1.92 2.91 81
3056	2079986 30798 ABMOF 95.2 0.00 -26.5 52
3093	2104995 26749 OpenLK 97.0 1.05 -15.5 65
3093	2104995 26749 ABMOF 80.5 4.24 -14.2 23
3140	2129992 24529 OpenLK 92.2 1.62 8.70 100
3140	2129992 24529 ABMOF 74.8 3.74 -3.99 20
3181	2154990 27041 OpenLK 87.1 0.595 -11.1 69
3181	2154990 27041 ABMOF 78.4 6.27 -3.60 13
3234	2184998 30144 OpenLK 84.3 1.81 0.869 74
3234	2184998 30144 ABMOF 91.0 2.84 -23.9 13
3297	2214999 29153 OpenLK 91.2 -1.02 6.17 100
3297	2214999 29153 ABMOF 80.8 -4.33 -29.5 23
3347	2244999 29688 OpenLK 88.0 1.16 -1.42 100
3347	2244999 29688 ABMOF 89.7 1.32 -3.81 26
3412	2274998 26165 OpenLK 94.9 -1.15 -15.6 58
3413	2274998 26165 ABMOF 74.1 2.45 -17.3 55
3453	2294995 23340 OpenLK 94.9 0.746 -2.11 100
3453	2294995 23340 ABMOF 77.7 -1.27 -8.40 30
3523	2324996 24776 OpenLK 88.0 1.93 1.45 100
3523	2324996 24776 ABMOF 85.7 -0.963 -9.67 89
3573	2349998 31222 OpenLK 78.4 -0.200 -8.19 92
3573	2349998 31222 ABMOF 83.2 0.00 -25.3 16
3644	2379841 28712 OpenLK 93.7 1.40 -0.464 84
3644	2379841 28712 ABMOF 91.8 0.00 4.37 52
3700	2409998 28450 OpenLK 91.1 0.485 -21.8 89
3700	2409998 28450 ABMOF 92.9 0.00 4.94 39
3758	2434999 29406 OpenLK 89.0 1.03 -12.5 85
3758	2434999 29406 ABMOF 105 0.00 33.4 7
3803	2464997 26359 OpenLK 93.6 0.266 -11.2 62
3803	2464997 26359 ABMOF 74.3 0.00 -16.3 27
3849	2489998 24539 OpenLK 93.0 2.87 -2.85 100
3849	2489998 24539 ABMOF 75.9 0.00 6.22 25
3896	2519995 28688 OpenLK 83.0 -0.669 -16.7 88
3896	2519995 28688 ABMOF 76.8 1.16 4.73 35
3939	2544997 28237 OpenLK 89.2 0.0819 3.33 97
3939	2544997 28237 ABMOF 80.0 2.05 -0.173 17
3991	2575000 27218 OpenLK 90.2 -0.189 15.4 100
3991	2575000 27218 ABMOF 73.7 0.957 -13.0 37
4046	2604995 33344 OpenLK 82.7 0.0606 8.40 100
4046	2604995 33344 ABMOF 103 -2.45 8.44 15
4120	2639996 32979 OpenLK 89.5 10.8 -2.73 98
4120	2639996 32979 ABMOF 82.7 3.10 -22.6 29
4183	2669994 31160 OpenLK 91.2 2.41 5.43 97
4183	2669994 31160 ABMOF 89.8 0.00 -1.33 25
4247	2699991 31849 OpenLK 87.2 -0.0909 10.8 55
4247	2699991 31849 ABMOF 93.4 5.83 34.2 11
4312	2729993 28511 OpenLK 93.2 1.37 4.34 100
4312	2729993 28511 ABMOF 86.7 -1.82e-07 -4.50 21
4367	2754998 27423 OpenLK 90.7 -0.301 2.56 72
4367	2754998 27423 ABMOF 70.1 0.00 -3.63 2
4428	2784992 27930 OpenLK 88.8 1.94 4.87 98
4428	2784992 27930 ABMOF 82.9 0.00 -8.65 22
4503	2815000 27308 OpenLK 90.0 0.226 -1.80 94
4503	2815000 27308 ABMOF 79.6 3.98 -6.99 36
4544	2839999 26749 OpenLK 92.7 0.205 6.77 84
4544	2839999 26749 ABMOF 84.5 4.23 6.31 26
4597	2869997 27098 OpenLK 89.0 1.52 -19.3 70
4597	2869997 27098 ABMOF 74.8 8.63 -13.0 26
4640	2894999 30802 OpenLK 84.4 1.05 -6.18 89
4640	2894999 30802 ABMOF 101 0.00 -6.70 4
4694	2924999 29073 OpenLK 90.1 -0.370 12.8 36
4694	2924999 29073 ABMOF 97.4 -16.2 -4.30 6
4748	2960000 31916 OpenLK 84.4 0.750 -0.588 80
4748	2960000 31916 ABMOF 97.5 -2.87 -65.0 24
4812	2994999 31121 OpenLK 89.1 0.0309 -14.5 100
4812	2994999 31121 ABMOF 89.4 -4.59 -9.19 41
4854	3020000 30388 OpenLK 89.7 -0.825 -8.06 70
4854	3020000 30388 ABMOF 68.3 -20.1 2.00 8
4907	3045000 27032 OpenLK 94.9 2.22 -13.1 58
4907	3045000 27032 ABMOF 92.1 0.00 2.18 5
4965	3079999 27740 OpenLK 88.2 0.330 0.653 71
4965	3079999 27740 ABMOF 77.9 -0.787 -7.27 47
5009	3099999 25362 OpenLK 90.8 1.34 -18.8 93
5009	3099999 25362 ABMOF 73.6 -3.00 -16.7 24
5064	3129997 26946 OpenLK 86.4 2.16 -10.4 100
5064	3129997 26946 ABMOF 80.3 2.82 -11.0 28
5121	3154993 29312 OpenLK 83.8 1.24 -13.2 92
5121	3154993 29312 ABMOF 81.0 -3.37 -18.0 11
5179	3190000 30864 OpenLK 84.7 -1.21 -1.17 34
5179	3190000 30864 ABMOF 96.1 0.00 -3.32 33
5240	3219999 31265 OpenLK 91.0 2.27 -14.0 100
5240	3219999 31265 ABMOF 98.2 3.81 1.45 34
5286	3249996 30940 OpenLK 89.3 -0.592 -19.4 57
5286	3249996 30940 ABMOF 93.0 -2.91 -7.69 22
5346	3280000 28225 OpenLK 94.5 0.269 -9.33 81
5346	3280000 28225 ABMOF 93.3 -2.20 -10.1 44
5399	3309999 29558 OpenLK 86.4 -0.433 -31.5 25
5399	3309999 29558 ABMOF 96.4 -7.87 -3.94 36
5473	3339999 28689 OpenLK 90.2 -0.158 10.9 81
5474	3339999 28689 ABMOF 88.6 3.48 -8.26 68
5519	3364996 28236 OpenLK 87.1 0.742 -25.1 66
5519	3364996 28236 ABMOF 86.5 -3.61 -10.9 29
5582	3394998 29263 OpenLK 87.0 -1.39 -18.3 87
5582	3394998 29263 ABMOF 84.8 -9.66 -18.8 33
5628	3424999 25554 OpenLK 93.3 1.19 -7.99 55
5628	3424999 25554 ABMOF 72.9 1.52 -15.3 45
5659	3444999 24601 OpenLK 91.2 2.27 -6.89 68
5659	3444999 24601 ABMOF 81.0 1.35 5.59 29
5702	3464997 24018 OpenLK 90.0 0.0333 -11.9 87
5702	3464997 24018 ABMOF 81.3 0.00 -9.94 2
5765	3500000 28696 OpenLK 84.9 0.745 -1.99 70
5765	3500000 28696 ABMOF 92.0 -6.78 8.78 43
5822	3524997 27864 OpenLK 89.3 0.0366 -2.17 94
5822	3524997 27864 ABMOF 79.4 -5.81 41.2 18
5868	3555000 31740 OpenLK 81.4 1.36 -1.78 51
5868	3555000 31740 ABMOF 82.5 -3.59 6.38 10
5926	3584999 28129 OpenLK 94.4 -0.341 -6.61 33
5926	3584999 28129 ABMOF 83.6 0.00 2.27 23
5967	3609999 27400 OpenLK 88.1 1.50 -7.21 38
5967	3609999 27400 ABMOF 77.0 0.00 -10.7 6
6030	3640000 26502 OpenLK 90.8 0.779 -7.03 79
6030	3640000 26502 ABMOF 86.7 -12.2 32.2 24
6081	3669997 27581 OpenLK 87.2 1.24 1.96 43
6081	3669997 27581 ABMOF 76.7 -2.43 5.81 31
6125	3689997 27414 OpenLK 88.8 1.43 -30.8 67
6125	3689997 27414 ABMOF NaN NaN NaN 0
6179	3724999 32485 OpenLK 81.6 1.10 -18.0 38
6179	3724999 32485 ABMOF 102 0.00 26.7 10
6243	3764993 33712 OpenLK 88.3 -0.114 -18.2 56
6243	3764993 33712 ABMOF 91.2 -2.37 -12.7 52
6294	3794987 29108 OpenLK 94.3 0.183 2.35 49
6294	3794987 29108 ABMOF 89.0 -1.32 8.02 45
6331	3814999 28248 OpenLK 90.3 0.206 -11.2 38
6331	3814999 28248 ABMOF 87.8 -3.82 -28.3 9
6384	3849988 27236 OpenLK 89.0 -0.303 -11.3 57
6384	3849988 27236 ABMOF 76.0 0.738 -0.100 48
6423	3869995 25288 OpenLK 92.5 1.87 8.20 44
6423	3869995 25288 ABMOF 77.1 1.84 18.2 20
6477	3899995 26592 OpenLK 88.0 0.229 0.797 50
6477	3899995 26592 ABMOF 81.8 -8.87e-08 -21.7 43
6534	3929995 33467 OpenLK 78.1 -0.723 -14.1 36
6534	3929995 33467 ABMOF 103 -1.98 -25.6 19
6590	3960000 30006 OpenLK 92.4 1.50 2.66 46
6590	3960000 30006 ABMOF 91.0 -1.36 -11.1 22
6650	3989994 29760 OpenLK 88.7 0.417 -14.9 60
6650	3989994 29760 ABMOF 90.9 -4.54 9.95 22
6697	4015000 26449 OpenLK 94.0 0.433 -17.6 50
6697	4015000 26449 ABMOF 81.4 5.31 6.52 19
6734	4039995 24668 OpenLK 93.0 1.61 -4.16 48
6734	4039995 24668 ABMOF 78.0 4.73 -0.0259 32
6784	4064999 24687 OpenLK 92.6 0.769 3.69 51
6784	4064999 24687 ABMOF 81.1 5.41 14.0 30
6833	4094999 30653 OpenLK 79.2 1.75 -24.3 36
6833	4094999 30653 ABMOF 86.1 -1.69 -8.49 24
6893	4124999 31391 OpenLK 86.8 3.59 1.30 50
6894	4124999 31391 ABMOF 93.8 0.00 -4.59 8
6954	4159995 33236 OpenLK 83.7 -1.46 -2.49 48
6954	4159995 33236 ABMOF 93.2 -2.39 -3.53 40
7010	4184991 26497 OpenLK 101 3.74 -7.47 28
7010	4184991 26497 ABMOF 70.2 -2.51 -10.8 12
7068	4214996 28560 OpenLK 84.4 0.435 -20.3 36
7068	4214996 28560 ABMOF 81.4 1.18 -10.2 32
7128	4244996 26378 OpenLK 90.9 -0.325 -31.9 32
7128	4244996 26378 ABMOF 74.3 2.84 -20.4 74
7183	4274998 33638 OpenLK 76.9 1.38 -6.36 23
7183	4274998 33638 ABMOF 104 -1.35 -13.7 28
7262	4309999 33931 OpenLK 89.2 -0.693 -9.23 36
7262	4309999 33931 ABMOF 94.0 1.92 -16.7 31
7328	4344991 35290 OpenLK 85.8 -2.62 4.08 33
7328	4344991 35290 ABMOF 91.5 2.03 0.881 29
7398	4379998 31666 OpenLK 94.0 2.00 -14.0 43
7398	4379998 31666 ABMOF 84.0 -0.515 -3.05 55
7447	4404997 30667 OpenLK 90.5 -1.37 -8.30 27
7447	4404997 30667 ABMOF 88.0 0.00 1.13 14
7512	4435000 27911 OpenLK 93.4 1.96 -15.7 42
7512	4435000 27911 ABMOF 88.5 1.86 -22.6 35
7558	4459997 28491 OpenLK 86.8 2.07 -7.43 41
7558	4459997 28491 ABMOF 71.7 0.00 21.0 1
7626	4494999 26409 OpenLK 97.9 -2.03 -0.561 47
7627	4494999 26409 ABMOF 85.2 -1.67 0.757 63
7666	4519995 29123 OpenLK 85.4 0.453 -4.52 29
7666	4519995 29123 ABMOF 86.0 0.00 -1.32 48
7718	4544996 28266 OpenLK 92.4 -0.429 -24.0 55
7718	4544996 28266 ABMOF 90.5 12.5 -129 11
7772	4579994 32259 OpenLK 82.3 0.424 -3.75 43
7772	4579994 32259 ABMOF 95.1 -3.14 -5.33 45
7855	4619996 39482 OpenLK 82.5 -0.0184 -10.4 24
7855	4619996 39482 ABMOF 104 3.87 -33.6 32
7915	4649995 31714 OpenLK 101 2.15 -5.95 62
7915	4649995 31714 ABMOF 79.1 -4.75 -15.8 16
7973	4679995 28729 OpenLK 93.1 -0.903 7.47 52
7973	4679995 28729 ABMOF 84.5 -2.52 -22.3 25
8032	4709997 29295 OpenLK 90.4 -0.923 -20.2 38
8032	4709997 29295 ABMOF 84.0 3.60 11.4 29
8081	4734999 28759 OpenLK 88.9 0.191 2.29 53
8081	4734999 28759 ABMOF 102 0.00 -20.6 7
8150	4774995 38296 OpenLK 80.1 -0.431 -8.73 45
8150	4774995 38296 ABMOF 104 4.97 -1.44 14
8213	4819989 38627 OpenLK 87.9 -0.139 -13.3 40
8213	4819989 38627 ABMOF 95.0 -2.85 -9.20 55
8268	4844998 27390 OpenLK 112 1.01 -21.2 41
8268	4844998 27390 ABMOF 73.9 -4.31 2.14 48
8303	4869996 25172 OpenLK 93.9 0.460 -1.59 68
8303	4869996 25172 ABMOF 78.2 -7.82 25.1 28
8352	4894993 26889 OpenLK 89.0 0.646 2.31 20
8352	4894993 26889 ABMOF 82.6 -3.18 -7.45 25
8397	4924999 27392 OpenLK 87.7 -0.0752 -14.2 44
8398	4924999 27392 ABMOF 75.4 -6.03 27.9 37
8455	4959992 36518 OpenLK 81.1 0.775 -13.3 50
8455	4959992 36518 ABMOF 103 -2.28 -33.7 32
8506	4989996 34954 OpenLK 91.9 0.496 -29.3 55
8506	4989996 34954 ABMOF 82.2 6.85 -31.4 4
8575	5025000 27006 OpenLK 104 2.70 -9.75 31
8575	5025000 27006 ABMOF 81.9 1.59 1.36 72
8620	5049995 27162 OpenLK 89.3 1.07 4.95 54
8620	5049995 27162 ABMOF 77.9 2.85 -25.0 39
8661	5069999 25940 OpenLK 92.7 0.738 -10.1 63
8661	5069999 25940 ABMOF 85.9 36.8 -0.565 3
8707	5104998 29006 OpenLK 85.0 0.535 -8.65 72
8707	5104998 29006 ABMOF 86.2 3.40 -29.4 34
8771	5140000 38663 OpenLK 81.7 -1.37 -13.8 27
8771	5140000 38663 ABMOF 109 0.00 41.8 13
8833	5174993 34962 OpenLK 94.8 0.545 -4.70 55
8833	5174993 34962 ABMOF 81.3 -2.46 -9.80 21
8894	5204999 32076 OpenLK 96.2 -0.280 -15.7 73
8894	5204999 32076 ABMOF 79.5 -9.53 -52.8 9
8976	5250000 44907 OpenLK 77.6 -0.286 -11.4 16
8976	5250000 44907 ABMOF 121 0.00 79.9 9
9067	5289994 37787 OpenLK 98.7 1.19 -5.51 48
9067	5289994 37787 ABMOF 86.5 2.57 -11.4 26
9135	5319994 28610 OpenLK 109 -1.67 -0.264 47
9135	5319994 28610 ABMOF 80.7 2.65 -13.2 40
9187	5349998 27818 OpenLK 90.7 2.50 -8.07 100
9187	5349998 27818 ABMOF 85.2 0.00 5.43 48
9229	5369998 25923 OpenLK 93.9 3.28 4.11 38
9229	5369998 25923 ABMOF 79.1 0.00 49.3 5
9308	5414993 36437 OpenLK 74.8 2.64 3.44 18
9308	5414993 36437 ABMOF 106 0.00 -4.96 57
9368	5444993 36120 OpenLK 94.1 1.66 -14.5 68
9368	5444993 36120 ABMOF 94.2 0.00 -3.57 30
9420	5479831 34487 OpenLK 90.6 2.66 -0.0649 53
9420	5479831 34487 ABMOF 79.3 -0.748 11.6 37
9472	5504997 26612 OpenLK 104 2.26 -17.4 19
9472	5504997 26612 ABMOF 77.3 3.22 -6.97 18
9518	5535000 25322 OpenLK 90.1 -4.27 -14.9 50
9518	5535000 25322 ABMOF 75.2 -3.50 -4.61 43
9579	5560000 27024 OpenLK 87.5 -0.670 11.6 26
9579	5560000 27024 ABMOF 81.4 -3.59 -5.47 33
9632	5594994 36373 OpenLK 75.8 -0.522 -11.9 71
9632	5594994 36373 ABMOF 105 8.54 12.9 26
9693	5625000 31017 OpenLK 105 2.84 38.7 37
9693	5625000 31017 ABMOF 77.9 -11.5 33.2 24
9757	5659853 28773 OpenLK 88.6 -2.44 -9.58 11
9757	5659853 28773 ABMOF 80.8 -3.85 -12.2 67
9787	5674999 23082 OpenLK 104 4.75 2.26 54
9787	5674999 23082 ABMOF 69.5 0.00 -24.6 6
9827	5699992 22865 OpenLK 91.1 -4.20 0.610 69
9827	5699992 22865 ABMOF 86.6 6.19 1.96 14
9874	5729996 27113 OpenLK 85.0 1.59 6.34 25
9874	5729996 27113 ABMOF 89.0 -6.25 -26.0 28
9939	5769990 38096 OpenLK 76.0 -2.59 15.6 18
9939	5769990 38096 ABMOF 101 -5.59 9.87 33
10000	5799999 34889 OpenLK 96.3 0.598 -4.71 34
10000	5799999 34889 ABMOF 87.0 0.00 21.6 16
10053	5834999 34591 OpenLK 89.0 -3.06 25.4 20
10053	5834999 34591 ABMOF 84.4 -7.96 111 18
10099	5859999 28117 OpenLK 100 4.09 -4.50 73
10099	5859999 28117 ABMOF 57.8 0.00 -38.5 1
10145	5894999 27906 OpenLK 86.0 2.93 -18.7 21
10145	5894999 27906 ABMOF 75.4 4.31 0.822 33
10195	5915000 26517 OpenLK 94.1 -0.874 -9.25 10
10195	5915004 26517 ABMOF 71.7 0.00 12.8 3
10240	5944998 30322 OpenLK 81.2 -0.302 -10.2 33
10240	5944998 30322 ABMOF 75.4 0.00 -49.6 2
10317	5979999 33717 OpenLK 82.6 0.371 -13.4 17
10317	5979999 33717 ABMOF 85.7 6.60 23.6 10
